0.945938 0.319124 -0.057974 1.887539
-0.316268 0.947167 0.053371 -0.117873
0.071943 -0.032151 0.996890 -0.024855
0.000000 0.000000 0.000000 1.000000

Timestamp: 2024-12-18 11:24:16
matrix:

Timestamp: 2024-12-18 11:30:32
matrix:
0.672787 0.734504 -0.088662 2.861781
-0.724896 0.678412 0.119511 0.938421
0.147931 -0.016134 0.988866 -0.265181
0.000000 0.000000 0.000000 1.000000

Timestamp: 2024-12-18 11:30:33
matrix:
0.673281 0.734080 -0.088431 2.861034
-0.724473 0.678866 0.119499 0.937789
0.147754 -0.016391 0.988888 -0.264902
0.000000 0.000000 0.000000 1.000000

Timestamp: 2024-12-18 11:30:34
matrix:
0.672833 0.734452 -0.088742 2.862002
-0.724781 0.678463 0.119918 0.938377
0.148282 -0.016366 0.988810 -0.265779
0.000000 0.000000 0.000000 1.000000

Timestamp: 2024-12-18 11:30:35
matrix:
0.672841 0.734445 -0.088750 2.862086
-0.724730 0.678466 0.120206 0.938422
0.148499 -0.016560 0.988774 -0.266161
0.000000 0.000000 0.000000 1.000000

Timestamp: 2024-12-18 11:30:36
matrix:
0.673183 0.734127 -0.088784 2.861414
-0.724428 0.678812 0.120078 0.938170
0.148420 -0.016517 0.988786 -0.265826
0.000000 0.000000 0.000000 1.000000

Timestamp: 2024-12-18 11:30:37
matrix:
0.672999 0.734352 -0.088320 2.861982
-0.724686 0.678563 0.119924 0.938605
0.147997 -0.016704 0.988847 -0.265081
0.000000 0.000000 0.000000 1.000000

Timestamp: 2024-12-18 11:30:38
matrix:
0.673069 0.734228 -0.088814 2.861981
-0.724590 0.678710 0.119671 0.938723
0.148145 -0.016193 0.988833 -0.264994
0.000000 0.000000 0.000000 1.000000

Timestamp: 2024-12-18 11:30:39
matrix:
0.673052 0.734215 -0.089047 2.862054
-0.724527 0.678722 0.119988 0.938720
0.148535 -0.016241 0.988774 -0.265644
0.000000 0.000000 0.000000 1.000000

Timestamp: 2024-12-18 11:30:40
matrix:
0.673174 0.734174 -0.088461 2.861878
-0.724449 0.678751 0.120292 0.938527
0.148359 -0.016892 0.988789 -0.265558
0.000000 0.000000 0.000000 1.000000

Timestamp: 2024-12-18 11:30:41
matrix:
0.673229 0.734134 -0.088380 2.861758
-0.724405 0.678792 0.120327 0.938612
0.148327 -0.016985 0.988792 -0.265418
0.000000 0.000000 0.000000 1.000000

Timestamp: 2024-12-18 11:30:42
matrix:
0.673148 0.734143 -0.088917 2.862108
-0.724423 0.678794 0.120205 0.938751
0.148604 -0.016502 0.988759 -0.265687
0.000000 0.000000 0.000000 1.000000

Timestamp: 2024-12-18 11:30:43
matrix:
0.673209 0.734108 -0.088743 2.862061
-0.724395 0.678829 0.120176 0.938588
0.148464 -0.016619 0.988778 -0.265436
0.000000 0.000000 0.000000 1.000000

Timestamp: 2024-12-18 11:30:44
matrix:
0.673197 0.734053 -0.089283 2.862137
-0.724306 0.678895 0.120340 0.938693
0.148950 -0.016345 0.988710 -0.266129
0.000000 0.000000 0.000000 1.000000

Timestamp: 2024-12-18 11:30:45
matrix:
0.673143 0.734114 -0.089187 2.862362
-0.724346 0.678825 0.120496 0.938777
0.149000 -0.016509 0.988699 -0.266301
0.000000 0.000000 0.000000 1.000000

Timestamp: 2024-12-18 11:30:46
matrix:
0.673208 0.734089 -0.088904 2.862199
-0.724314 0.678846 0.120570 0.938883
0.148861 -0.016774 0.988716 -0.265917
0.000000 0.000000 0.000000 1.000000

Timestamp: 2024-12-18 11:30:47
matrix:
0.673497 0.733782 -0.089247 2.861606
-0.724008 0.679183 0.120511 0.938410
0.149044 -0.016548 0.988692 -0.266316
0.000000 0.000000 0.000000 1.000000

Timestamp: 2024-12-18 11:30:48
matrix:
0.673208 0.734053 -0.089202 2.862402
-0.724294 0.678893 0.120426 0.938896
0.148957 -0.016463 0.988707 -0.265990
0.000000 0.000000 0.000000 1.000000

Timestamp: 2024-12-18 11:30:49
matrix:
0.673175 0.734092 -0.089136 2.862431
-0.724337 0.678850 0.120412 0.938971
0.148903 -0.016494 0.988714 -0.265925
0.000000 0.000000 0.000000 1.000000

Timestamp: 2024-12-18 11:30:50
matrix:
0.673385 0.733885 -0.089254 2.861993
-0.724092 0.679071 0.120633 0.938748
0.149140 -0.016604 0.988677 -0.266309
0.000000 0.000000 0.000000 1.000000

Timestamp: 2024-12-18 11:30:51
matrix:
0.673348 0.733874 -0.089622 2.862212
-0.724128 0.679095 0.120283 0.938793
0.149135 -0.016095 0.988686 -0.266134
0.000000 0.000000 0.000000 1.000000

Timestamp: 2024-12-18 11:30:52
matrix:
0.673414 0.733879 -0.089080 2.862071
-0.724114 0.679077 0.120468 0.938882
0.148901 -0.016621 0.988712 -0.265773
0.000000 0.000000 0.000000 1.000000

Timestamp: 2024-12-18 11:30:53
matrix:
0.673324 0.733969 -0.089019 2.862479
-0.724168 0.678975 0.120722 0.938797
0.149048 -0.016820 0.988687 -0.266164
0.000000 0.000000 0.000000 1.000000

Timestamp: 2024-12-18 11:30:54
matrix:
0.673402 0.733859 -0.089333 2.862124
-0.724127 0.679107 0.120224 0.938899
0.148894 -0.016270 0.988719 -0.265570
0.000000 0.000000 0.000000 1.000000

Timestamp: 2024-12-18 11:30:55
matrix:
0.673396 0.733843 -0.089511 2.862123
-0.724033 0.679119 0.120722 0.938803
0.149379 -0.016485 0.988643 -0.266609
0.000000 0.000000 0.000000 1.000000

Timestamp: 2024-12-18 11:30:56
matrix:
0.673551 0.733747 -0.089134 2.861832
-0.723994 0.679221 0.120383 0.938835
0.148872 -0.016552 0.988718 -0.265569
0.000000 0.000000 0.000000 1.000000

Timestamp: 2024-12-18 11:30:57
matrix:
0.673442 0.733800 -0.089517 2.862193
-0.724055 0.679172 0.120288 0.938935
0.149065 -0.016192 0.988695 -0.265877
0.000000 0.000000 0.000000 1.000000

Timestamp: 2024-12-18 11:30:58
matrix:
0.673246 0.733958 -0.089699 2.862622
-0.724178 0.679003 0.120505 0.939052
0.149351 -0.016171 0.988652 -0.266355
0.000000 0.000000 0.000000 1.000000

Timestamp: 2024-12-18 11:30:59
matrix:
0.673500 0.733732 -0.089639 2.862034
-0.723952 0.679244 0.120504 0.938748
0.149304 -0.016265 0.988658 -0.266308
0.000000 0.000000 0.000000 1.000000

Timestamp: 2024-12-18 11:31:00
matrix:
0.673419 0.733857 -0.089226 2.862252
-0.724048 0.679098 0.120748 0.938854
0.149205 -0.016710 0.988665 -0.266260
0.000000 0.000000 0.000000 1.000000

Timestamp: 2024-12-18 11:31:01
matrix:
0.673446 0.733823 -0.089297 2.862208
-0.724025 0.679137 0.120666 0.938917
0.149192 -0.016609 0.988669 -0.266176
0.000000 0.000000 0.000000 1.000000

Timestamp: 2024-12-18 11:31:02
matrix:
0.673587 0.733659 -0.089587 2.862094
-0.723853 0.679320 0.120670 0.938399
0.149388 -0.016434 0.988642 -0.266553
0.000000 0.000000 0.000000 1.000000

Timestamp: 2024-12-18 11:31:03
matrix:
0.673537 0.733704 -0.089591 2.862115
-0.723866 0.679267 0.120887 0.938606
0.149551 -0.016570 0.988615 -0.266827
0.000000 0.000000 0.000000 1.000000

Timestamp: 2024-12-18 11:31:04
matrix:
0.673647 0.733552 -0.090008 2.861781
-0.723668 0.679434 0.121141 0.938372
0.150017 -0.016470 0.988546 -0.267738
0.000000 0.000000 0.000000 1.000000

Timestamp: 2024-12-18 11:31:05
matrix:
0.673487 0.733736 -0.089704 2.862160
-0.723877 0.679233 0.121018 0.938755
0.149725 -0.016569 0.988589 -0.267079
0.000000 0.000000 0.000000 1.000000

Timestamp: 2024-12-18 11:31:06
matrix:
0.673425 0.733805 -0.089605 2.862326
-0.724016 0.679164 0.120572 0.938939
0.149332 -0.016320 0.988652 -0.266228
0.000000 0.000000 0.000000 1.000000

Timestamp: 2024-12-18 11:31:07
matrix:
0.673613 0.733654 -0.089431 2.861888
-0.723837 0.679321 0.120764 0.938739
0.149352 -0.016615 0.988645 -0.266480
0.000000 0.000000 0.000000 1.000000

Timestamp: 2024-12-18 11:31:08
matrix:
0.673625 0.733607 -0.089721 2.861850
-0.723836 0.679382 0.120422 0.938846
0.149297 -0.016176 0.988660 -0.266135
0.000000 0.000000 0.000000 1.000000

Timestamp: 2024-12-18 11:31:09
matrix:
0.673542 0.733597 -0.090425 2.862087
-0.723749 0.679397 0.120858 0.938581
0.150096 -0.015958 0.988543 -0.267566
0.000000 0.000000 0.000000 1.000000

Timestamp: 2024-12-18 11:31:10
matrix:
0.673628 0.733584 -0.089890 2.861887
-0.723713 0.679399 0.121064 0.938575
0.149882 -0.016498 0.988566 -0.267331
0.000000 0.000000 0.000000 1.000000

Timestamp: 2024-12-18 11:31:11
matrix:
0.673852 0.733429 -0.089473 2.861343
-0.723591 0.679560 0.120889 0.938288
0.149466 -0.016720 0.988626 -0.266819
0.000000 0.000000 0.000000 1.000000

Timestamp: 2024-12-18 11:31:12
matrix:
0.673654 0.733590 -0.089644 2.861792
-0.723778 0.679394 0.120703 0.938637
0.149450 -0.016430 0.988633 -0.266484
0.000000 0.000000 0.000000 1.000000

Timestamp: 2024-12-18 11:31:13
matrix:
0.673594 0.733667 -0.089464 2.861927
-0.723860 0.679308 0.120698 0.938864
0.149326 -0.016543 0.988650 -0.266249
0.000000 0.000000 0.000000 1.000000

Timestamp: 2024-12-18 11:31:14
matrix:
0.673598 0.733633 -0.089713 2.861972
-0.723746 0.679340 0.121194 0.938707
0.149858 -0.016707 0.988566 -0.267345
0.000000 0.000000 0.000000 1.000000

Timestamp: 2024-12-18 11:31:15
matrix:
0.673809 0.733381 -0.090187 2.861388
-0.723472 0.679618 0.121271 0.938075
0.150230 -0.016466 0.988514 -0.268050
0.000000 0.000000 0.000000 1.000000

Timestamp: 2024-12-18 11:31:16
matrix:
0.673811 0.733426 -0.089806 2.861442
-0.723581 0.679570 0.120894 0.938456
0.149696 -0.016478 0.988595 -0.266950
0.000000 0.000000 0.000000 1.000000

Timestamp: 2024-12-18 11:31:17
matrix:
0.673640 0.733591 -0.089742 2.861951
-0.723702 0.679386 0.121202 0.938479
0.149882 -0.016700 0.988563 -0.267454
0.000000 0.000000 0.000000 1.000000

Timestamp: 2024-12-18 11:31:18
matrix:
0.673578 0.733611 -0.090041 2.861966
-0.723723 0.679371 0.121159 0.938630
0.150055 -0.016445 0.988541 -0.267650
0.000000 0.000000 0.000000 1.000000

Timestamp: 2024-12-18 11:31:19
matrix:
0.673559 0.733642 -0.089933 2.862078
-0.723750 0.679335 0.121201 0.938567
0.150013 -0.016548 0.988546 -0.267600
0.000000 0.000000 0.000000 1.000000

Timestamp: 2024-12-18 11:31:20
matrix:
0.673847 0.733460 -0.089259 2.861404
-0.723582 0.679519 0.121176 0.938441
0.149530 -0.017068 0.988610 -0.266849
0.000000 0.000000 0.000000 1.000000

Timestamp: 2024-12-18 11:31:21
matrix:
0.673907 0.733356 -0.089662 2.861261
-0.723481 0.679639 0.121107 0.938267
0.149752 -0.016747 0.988582 -0.267195
0.000000 0.000000 0.000000 1.000000

Timestamp: 2024-12-18 11:31:22
matrix:
0.673918 0.733360 -0.089543 2.861231
-0.723428 0.679626 0.121492 0.938179
0.149953 -0.017097 0.988545 -0.267626
0.000000 0.000000 0.000000 1.000000

Timestamp: 2024-12-18 11:31:23
matrix:
0.673955 0.733358 -0.089281 2.861151
-0.723467 0.679627 0.121256 0.938210
0.149602 -0.017129 0.988598 -0.267065
0.000000 0.000000 0.000000 1.000000

Timestamp: 2024-12-18 11:31:24
matrix:
0.673885 0.733464 -0.088931 2.861393
-0.723557 0.679503 0.121411 0.938385
0.149479 -0.017471 0.988611 -0.266906
0.000000 0.000000 0.000000 1.000000

Timestamp: 2024-12-18 11:31:25
matrix:
0.674059 0.733248 -0.089404 2.860944
-0.723376 0.679750 0.121108 0.938178
0.149574 -0.016961 0.988605 -0.266810
0.000000 0.000000 0.000000 1.000000

Timestamp: 2024-12-18 11:31:26
matrix:
0.673855 0.733433 -0.089417 2.861439
-0.723550 0.679550 0.121187 0.938446
0.149646 -0.016965 0.988594 -0.266980
0.000000 0.000000 0.000000 1.000000

Timestamp: 2024-12-18 11:31:27
matrix:
0.673754 0.733544 -0.089271 2.861592
-0.723608 0.679422 0.121560 0.938378
0.149822 -0.017304 0.988562 -0.267517
0.000000 0.000000 0.000000 1.000000

Timestamp: 2024-12-18 11:31:28
matrix:
0.674089 0.733226 -0.089347 2.860881
-0.723304 0.679766 0.121444 0.937954
0.149781 -0.017239 0.988569 -0.267373
0.000000 0.000000 0.000000 1.000000

Timestamp: 2024-12-18 11:31:29
matrix:
0.674032 0.733248 -0.089605 2.860950
-0.723363 0.679753 0.121171 0.938130
0.149757 -0.016856 0.988579 -0.267254
0.000000 0.000000 0.000000 1.000000

Timestamp: 2024-12-18 11:31:30
matrix:
0.673962 0.733275 -0.089902 2.861225
-0.723350 0.679724 0.121409 0.937936
0.150135 -0.016795 0.988523 -0.267907
0.000000 0.000000 0.000000 1.000000

Timestamp: 2024-12-18 11:31:31
matrix:
0.673936 0.733332 -0.089628 2.861198
-0.723401 0.679657 0.121481 0.938131
0.150002 -0.017033 0.988539 -0.267769
0.000000 0.000000 0.000000 1.000000

Timestamp: 2024-12-18 11:31:32
matrix:
0.674011 0.733280 -0.089493 2.861101
-0.723324 0.679707 0.121658 0.937971
0.150039 -0.017267 0.988529 -0.267944
0.000000 0.000000 0.000000 1.000000

Timestamp: 2024-12-18 11:31:33
matrix:
0.674120 0.733167 -0.089602 2.860839
-0.723257 0.679836 0.121333 0.937759
0.149872 -0.016987 0.988559 -0.267493
0.000000 0.000000 0.000000 1.000000

Timestamp: 2024-12-18 11:31:34
matrix:
0.673934 0.733306 -0.089868 2.861183
-0.723373 0.679690 0.121462 0.937998
0.150151 -0.016850 0.988519 -0.268000
0.000000 0.000000 0.000000 1.000000

Timestamp: 2024-12-18 11:31:35
matrix:
0.673932 0.733283 -0.090070 2.861198
-0.723295 0.679713 0.121796 0.937848
0.150533 -0.016935 0.988460 -0.268813
0.000000 0.000000 0.000000 1.000000

Timestamp: 2024-12-18 11:31:36
matrix:
0.674112 0.733192 -0.089456 2.860775
-0.723262 0.679805 0.121480 0.937928
0.149881 -0.017191 0.988555 -0.267568
0.000000 0.000000 0.000000 1.000000

Timestamp: 2024-12-18 11:31:37
matrix:
0.674245 0.733014 -0.089910 2.860450
-0.723066 0.680002 0.121541 0.937575
0.150230 -0.016937 0.988506 -0.268200
0.000000 0.000000 0.000000 1.000000

Timestamp: 2024-12-18 11:31:38
matrix:
0.674139 0.733119 -0.089851 2.860734
-0.723169 0.679888 0.121567 0.937771
0.150211 -0.016975 0.988508 -0.268088
0.000000 0.000000 0.000000 1.000000

Timestamp: 2024-12-18 11:31:39
matrix:
0.674049 0.733221 -0.089693 2.860997
-0.723244 0.679773 0.121764 0.937805
0.150251 -0.017205 0.988498 -0.268350
0.000000 0.000000 0.000000 1.000000

Timestamp: 2024-12-18 11:31:40
matrix:
0.674048 0.733265 -0.089342 2.860959
-0.723278 0.679717 0.121873 0.937842
0.150092 -0.017529 0.988517 -0.268179
0.000000 0.000000 0.000000 1.000000

Timestamp: 2024-12-18 11:31:41
matrix:
0.674088 0.733141 -0.090054 2.860846
-0.723163 0.679866 0.121729 0.937619
0.150468 -0.016932 0.988470 -0.268698
0.000000 0.000000 0.000000 1.000000

Timestamp: 2024-12-18 11:31:42
matrix:
0.674218 0.733080 -0.089579 2.860497
-0.723064 0.679918 0.122025 0.937491
0.150361 -0.017500 0.988476 -0.268718
0.000000 0.000000 0.000000 1.000000

Timestamp: 2024-12-18 11:31:43
matrix:
0.674132 0.733170 -0.089490 2.860668
-0.723200 0.679824 0.121741 0.937816
0.150094 -0.017351 0.988519 -0.268200
0.000000 0.000000 0.000000 1.000000

Timestamp: 2024-12-18 11:31:44
matrix:
0.673966 0.733325 -0.089467 2.861074
-0.723296 0.679650 0.122142 0.937894
0.150376 -0.017609 0.988472 -0.268740
0.000000 0.000000 0.000000 1.000000

Timestamp: 2024-12-18 11:31:45
matrix:
0.674152 0.733144 -0.089552 2.860589
-0.723176 0.679854 0.121721 0.937749
0.150121 -0.017297 0.988516 -0.268159
0.000000 0.000000 0.000000 1.000000

Timestamp: 2024-12-18 11:31:46
matrix:
0.674275 0.733041 -0.089467 2.860275
-0.723083 0.679963 0.121657 0.937644
0.150014 -0.017339 0.988532 -0.267948
0.000000 0.000000 0.000000 1.000000

Timestamp: 2024-12-18 11:31:47
matrix:
0.674139 0.733174 -0.089401 2.860649
-0.723233 0.679821 0.121562 0.937884
0.149903 -0.017292 0.988550 -0.267706
0.000000 0.000000 0.000000 1.000000

Timestamp: 2024-12-18 11:31:48
matrix:
0.674008 0.733239 -0.089852 2.860978
-0.723243 0.679754 0.121875 0.937786
0.150441 -0.017160 0.988470 -0.268707
0.000000 0.000000 0.000000 1.000000

Timestamp: 2024-12-18 11:31:49
matrix:
0.674325 0.732982 -0.089567 2.860157
-0.723040 0.680030 0.121543 0.937578
0.149997 -0.017199 0.988537 -0.267797
0.000000 0.000000 0.000000 1.000000

Timestamp: 2024-12-18 11:31:50
matrix:
0.674143 0.733094 -0.090018 2.860529
-0.723057 0.679908 0.122120 0.937499
0.150729 -0.017239 0.988425 -0.269332
0.000000 0.000000 0.000000 1.000000

Timestamp: 2024-12-18 11:31:51
matrix:
0.674403 0.732888 -0.089758 2.860043
-0.722893 0.680130 0.121855 0.937231
0.150353 -0.017294 0.988481 -0.268588
0.000000 0.000000 0.000000 1.000000

Timestamp: 2024-12-18 11:31:52
matrix:
0.674329 0.732929 -0.089978 2.860171
-0.722961 0.680093 0.121655 0.937368
0.150358 -0.016985 0.988486 -0.268505
0.000000 0.000000 0.000000 1.000000

Timestamp: 2024-12-18 11:31:53
matrix:
0.674217 0.733073 -0.089647 2.860423
-0.723036 0.679924 0.122157 0.937421
0.150503 -0.017542 0.988454 -0.269032
0.000000 0.000000 0.000000 1.000000

Timestamp: 2024-12-18 11:31:54
matrix:
0.674402 0.732934 -0.089390 2.859955
-0.722928 0.680071 0.121974 0.937292
0.150191 -0.017637 0.988500 -0.268483
0.000000 0.000000 0.000000 1.000000

Timestamp: 2024-12-18 11:31:55
matrix:
0.674491 0.732854 -0.089364 2.859723
-0.722862 0.680157 0.121884 0.937229
0.150105 -0.017611 0.988513 -0.268306
0.000000 0.000000 0.000000 1.000000

Timestamp: 2024-12-18 11:31:56
matrix:
0.674287 0.733016 -0.089581 2.860079
-0.722990 0.679985 0.122088 0.937419
0.150406 -0.017556 0.988468 -0.268834
0.000000 0.000000 0.000000 1.000000

Timestamp: 2024-12-18 11:31:57
matrix:
0.674529 0.732845 -0.089159 2.859636
-0.722826 0.680160 0.122087 0.936947
0.150113 -0.017905 0.988507 -0.268538
0.000000 0.000000 0.000000 1.000000

Timestamp: 2024-12-18 11:31:58
matrix:
0.674456 0.732900 -0.089252 2.859800
-0.722865 0.680101 0.122184 0.937215
0.150249 -0.017891 0.988486 -0.268784
0.000000 0.000000 0.000000 1.000000

Timestamp: 2024-12-18 11:31:59
matrix:
0.674405 0.732927 -0.089416 2.859803
-0.722887 0.680075 0.122202 0.937241
0.150375 -0.017776 0.988469 -0.268916
0.000000 0.000000 0.000000 1.000000

Timestamp: 2024-12-18 11:32:00
matrix:
0.674309 0.733002 -0.089524 2.860167
-0.723014 0.680002 0.121853 0.937221
0.150195 -0.017440 0.988503 -0.268536
0.000000 0.000000 0.000000 1.000000

Timestamp: 2024-12-18 11:32:01
matrix:
0.674451 0.732872 -0.089522 2.859790
-0.722890 0.680143 0.121800 0.937269
0.150152 -0.017433 0.988509 -0.268262
0.000000 0.000000 0.000000 1.000000

Timestamp: 2024-12-18 11:32:02
matrix:
0.674304 0.733010 -0.089506 2.860150
-0.722967 0.679988 0.122210 0.937430
0.150444 -0.017696 0.988460 -0.269034
0.000000 0.000000 0.000000 1.000000

Timestamp: 2024-12-18 11:32:03
matrix:
0.674324 0.732993 -0.089490 2.859926
-0.722981 0.680009 0.122010 0.937282
0.150287 -0.017574 0.988486 -0.268695
0.000000 0.000000 0.000000 1.000000

Timestamp: 2024-12-18 11:32:04
matrix:
0.674413 0.732949 -0.089185 2.859844
-0.722911 0.680047 0.122213 0.937175
0.150226 -0.017949 0.988489 -0.268750
0.000000 0.000000 0.000000 1.000000

Timestamp: 2024-12-18 11:32:05
matrix:
0.674444 0.732876 -0.089544 2.859692
-0.722832 0.680132 0.122204 0.936986
0.150462 -0.017694 0.988457 -0.269091
0.000000 0.000000 0.000000 1.000000

Timestamp: 2024-12-18 11:32:06
matrix:
0.674439 0.732874 -0.089599 2.859742
-0.722877 0.680141 0.121887 0.937147
0.150267 -0.017436 0.988492 -0.268565
0.000000 0.000000 0.000000 1.000000

Timestamp: 2024-12-18 11:32:07
matrix:
0.674289 0.733040 -0.089372 2.860007
-0.722981 0.679951 0.122334 0.937251
0.150445 -0.017874 0.988457 -0.269176
0.000000 0.000000 0.000000 1.000000

Timestamp: 2024-12-18 11:32:08
matrix:
0.674250 0.733072 -0.089400 2.860138
-0.722999 0.679916 0.122422 0.937263
0.150529 -0.017907 0.988443 -0.269287
0.000000 0.000000 0.000000 1.000000

Timestamp: 2024-12-18 11:32:09
matrix:
0.674417 0.732932 -0.089289 2.859787
-0.722876 0.680065 0.122319 0.937016
0.150374 -0.017949 0.988466 -0.269081
0.000000 0.000000 0.000000 1.000000

Timestamp: 2024-12-18 11:32:10
matrix:
0.674433 0.732950 -0.089016 2.859685
-0.722959 0.680047 0.121929 0.937297
0.149903 -0.017878 0.988539 -0.268119
0.000000 0.000000 0.000000 1.000000

Timestamp: 2024-12-18 11:32:11
matrix:
0.674441 0.732957 -0.088897 2.859724
-0.722952 0.680035 0.122036 0.937127
0.149900 -0.018038 0.988537 -0.268101
0.000000 0.000000 0.000000 1.000000

Timestamp: 2024-12-18 11:32:12
matrix:
0.674543 0.732861 -0.088919 2.859478
-0.722803 0.680133 0.122374 0.937009
0.150160 -0.018275 0.988493 -0.268735
0.000000 0.000000 0.000000 1.000000

Timestamp: 2024-12-18 11:32:13
matrix:
0.674255 0.733058 -0.089478 2.860089
-0.722953 0.679928 0.122625 0.937160
0.150730 -0.017992 0.988411 -0.269732
0.000000 0.000000 0.000000 1.000000

Timestamp: 2024-12-18 11:32:14
matrix:
0.674478 0.732881 -0.089248 2.859553
-0.722805 0.680117 0.122451 0.936952
0.150441 -0.018081 0.988454 -0.269226
0.000000 0.000000 0.000000 1.000000

Timestamp: 2024-12-18 11:32:15
matrix:
0.674359 0.732958 -0.089507 2.859861
-0.722897 0.680041 0.122330 0.937049
0.150532 -0.017790 0.988445 -0.269325
0.000000 0.000000 0.000000 1.000000

Timestamp: 2024-12-18 11:32:16
matrix:
0.674429 0.732878 -0.089641 2.859662
-0.722847 0.680134 0.122110 0.937124
0.150460 -0.017558 0.988460 -0.269042
0.000000 0.000000 0.000000 1.000000

Timestamp: 2024-12-18 11:32:17
matrix:
0.674325 0.732997 -0.089449 2.859913
-0.722935 0.679998 0.122342 0.937131
0.150501 -0.017833 0.988449 -0.269302
0.000000 0.000000 0.000000 1.000000

Timestamp: 2024-12-18 11:32:18
matrix:
0.674548 0.732806 -0.089337 2.859401
-0.722811 0.680209 0.121904 0.937024
0.150099 -0.017656 0.988513 -0.268343
0.000000 0.000000 0.000000 1.000000

Timestamp: 2024-12-18 11:32:19
matrix:
0.674437 0.732863 -0.089701 2.859592
-0.722790 0.680146 0.122378 0.936914
0.150696 -0.017702 0.988422 -0.269561
0.000000 0.000000 0.000000 1.000000

Timestamp: 2024-12-18 11:32:20
matrix:
0.674630 0.732723 -0.089396 2.859134
-0.722633 0.680288 0.122518 0.936717
0.150587 -0.018053 0.988432 -0.269527
0.000000 0.000000 0.000000 1.000000

Timestamp: 2024-12-18 11:32:21
matrix:
0.674539 0.732813 -0.089344 2.859358
-0.722745 0.680193 0.122385 0.936895
0.150456 -0.017981 0.988453 -0.269257
0.000000 0.000000 0.000000 1.000000

Timestamp: 2024-12-18 11:32:22
matrix:
0.674758 0.732616 -0.089310 2.858803
-0.722616 0.680411 0.121928 0.936676
0.150094 -0.017735 0.988513 -0.268419
0.000000 0.000000 0.000000 1.000000

Timestamp: 2024-12-18 11:32:23
matrix:
0.674545 0.732808 -0.089338 2.859407
-0.722730 0.680196 0.122447 0.936781
0.150498 -0.018029 0.988446 -0.269358
0.000000 0.000000 0.000000 1.000000

Timestamp: 2024-12-18 11:32:24
matrix:
0.674693 0.732639 -0.089605 2.858921
-0.722604 0.680388 0.122130 0.936716
0.150443 -0.017651 0.988461 -0.269061
0.000000 0.000000 0.000000 1.000000

Timestamp: 2024-12-18 11:32:25
matrix:
0.674640 0.732714 -0.089390 2.859078
-0.722643 0.680299 0.122392 0.936739
0.150490 -0.017974 0.988448 -0.269248
0.000000 0.000000 0.000000 1.000000

Timestamp: 2024-12-18 11:32:26
matrix:
0.674761 0.732613 -0.089309 2.858766
-0.722522 0.680404 0.122525 0.936529
0.150529 -0.018147 0.988439 -0.269467
0.000000 0.000000 0.000000 1.000000

Timestamp: 2024-12-18 11:32:27
matrix:
0.674738 0.732615 -0.089461 2.858878
-0.722517 0.680403 0.122557 0.936442
0.150657 -0.018057 0.988421 -0.269643
0.000000 0.000000 0.000000 1.000000

Timestamp: 2024-12-18 11:32:28
matrix:
0.674693 0.732621 -0.089760 2.858977
-0.722551 0.680407 0.122335 0.936481
0.150699 -0.017682 0.988422 -0.269652
0.000000 0.000000 0.000000 1.000000

Timestamp: 2024-12-18 11:32:29
matrix:
0.674562 0.732751 -0.089677 2.859260
-0.722662 0.680264 0.122479 0.936601
0.150750 -0.017813 0.988411 -0.269859
0.000000 0.000000 0.000000 1.000000

Timestamp: 2024-12-18 11:32:30
matrix:
0.674599 0.732759 -0.089331 2.859039
-0.722669 0.680247 0.122528 0.936674
0.150550 -0.018101 0.988437 -0.269473
0.000000 0.000000 0.000000 1.000000

Timestamp: 2024-12-18 11:32:31
matrix:
0.674685 0.732655 -0.089536 2.858998
-0.722582 0.680365 0.122383 0.936562
0.150582 -0.017873 0.988436 -0.269497
0.000000 0.000000 0.000000 1.000000

Timestamp: 2024-12-18 11:32:32
matrix:
0.674570 0.732734 -0.089749 2.859186
-0.722649 0.680283 0.122447 0.936647
0.150776 -0.017742 0.988409 -0.269804
0.000000 0.000000 0.000000 1.000000

Timestamp: 2024-12-18 11:32:33
matrix:
0.674724 0.732668 -0.089131 2.858820
-0.722551 0.680337 0.122725 0.936521
0.150556 -0.018404 0.988430 -0.269678
0.000000 0.000000 0.000000 1.000000

Timestamp: 2024-12-18 11:32:34
matrix:
0.674385 0.732956 -0.089333 2.859456
-0.722850 0.680034 0.122644 0.936857
0.150642 -0.018135 0.988422 -0.269711
0.000000 0.000000 0.000000 1.000000

Timestamp: 2024-12-18 11:32:35
matrix:
0.674719 0.732672 -0.089141 2.858927
-0.722613 0.680340 0.122339 0.936574
0.150281 -0.018130 0.988477 -0.269048
0.000000 0.000000 0.000000 1.000000

Timestamp: 2024-12-18 11:32:36
matrix:
0.674445 0.732875 -0.089545 2.859426
-0.722755 0.680125 0.122705 0.936764
0.150829 -0.018039 0.988395 -0.270109
0.000000 0.000000 0.000000 1.000000

Timestamp: 2024-12-18 11:32:37
matrix:
0.674606 0.732719 -0.089610 2.859128
-0.722628 0.680297 0.122494 0.936645
0.150715 -0.017880 0.988416 -0.269792
0.000000 0.000000 0.000000 1.000000

Timestamp: 2024-12-18 11:32:38
matrix:
0.674531 0.732815 -0.089382 2.859225
-0.722682 0.680183 0.122805 0.936559
0.150789 -0.018241 0.988398 -0.270077
0.000000 0.000000 0.000000 1.000000

Timestamp: 2024-12-18 11:32:39
matrix:
0.674665 0.732718 -0.089170 2.858905
-0.722603 0.680285 0.122706 0.936552
0.150570 -0.018351 0.988429 -0.269706
0.000000 0.000000 0.000000 1.000000

Timestamp: 2024-12-18 11:32:40
matrix:
0.674580 0.732725 -0.089758 2.859059
-0.722614 0.680291 0.122610 0.936523
0.150901 -0.017850 0.988388 -0.270118
0.000000 0.000000 0.000000 1.000000

Timestamp: 2024-12-18 11:32:41
matrix:
0.674784 0.732516 -0.089923 2.858679
-0.722388 0.680516 0.122690 0.936234
0.151067 -0.017830 0.988363 -0.270470
0.000000 0.000000 0.000000 1.000000

Timestamp: 2024-12-18 11:32:42
matrix:
0.674807 0.732518 -0.089738 2.858570
-0.722401 0.680512 0.122641 0.936362
0.150904 -0.017932 0.988386 -0.270195
0.000000 0.000000 0.000000 1.000000

Timestamp: 2024-12-18 11:32:43
matrix:
0.674708 0.732631 -0.089564 2.858840
-0.722533 0.680389 0.122541 0.936404
0.150716 -0.017967 0.988414 -0.269890
0.000000 0.000000 0.000000 1.000000

Timestamp: 2024-12-18 11:32:44
matrix:
0.674633 0.732715 -0.089431 2.858893
-0.722598 0.680293 0.122695 0.936563
0.150740 -0.018152 0.988407 -0.269980
0.000000 0.000000 0.000000 1.000000

Timestamp: 2024-12-18 11:32:45
matrix:
0.674912 0.732519 -0.088937 2.858274
-0.722427 0.680496 0.122577 0.936318
0.150311 -0.018478 0.988466 -0.269257
0.000000 0.000000 0.000000 1.000000

Timestamp: 2024-12-18 11:32:46
matrix:
0.674806 0.732553 -0.089456 2.858520
-0.722462 0.680471 0.122509 0.936300
0.150617 -0.018041 0.988428 -0.269646
0.000000 0.000000 0.000000 1.000000

Timestamp: 2024-12-18 11:32:47
matrix:
0.674763 0.732571 -0.089637 2.858556
-0.722442 0.680451 0.122740 0.936214
0.150909 -0.018063 0.988383 -0.270283
0.000000 0.000000 0.000000 1.000000

Timestamp: 2024-12-18 11:32:48
matrix:
0.674796 0.732574 -0.089361 2.858503
-0.722479 0.680446 0.122550 0.936401
0.150582 -0.018135 0.988431 -0.269593
0.000000 0.000000 0.000000 1.000000

Timestamp: 2024-12-18 11:32:49
matrix:
0.674701 0.732658 -0.089388 2.858658
-0.722502 0.680349 0.122950 0.936338
0.150895 -0.018371 0.988379 -0.270377
0.000000 0.000000 0.000000 1.000000

Timestamp: 2024-12-18 11:32:50
matrix:
0.674863 0.732512 -0.089369 2.858369
-0.722388 0.680509 0.122729 0.936230
0.150717 -0.018266 0.988408 -0.269978
0.000000 0.000000 0.000000 1.000000

Timestamp: 2024-12-18 11:32:51
matrix:
0.674857 0.732517 -0.089372 2.858357
-0.722385 0.680503 0.122788 0.936156
0.150762 -0.018303 0.988401 -0.270110
0.000000 0.000000 0.000000 1.000000

Timestamp: 2024-12-18 11:32:52
matrix:
0.674801 0.732562 -0.089426 2.858508
-0.722423 0.680455 0.122827 0.936160
0.150828 -0.018280 0.988391 -0.270226
0.000000 0.000000 0.000000 1.000000

Timestamp: 2024-12-18 11:32:53
matrix:
0.674989 0.732373 -0.089550 2.857929
-0.722309 0.680669 0.122312 0.936051
0.150532 -0.017877 0.988444 -0.269512
0.000000 0.000000 0.000000 1.000000

Timestamp: 2024-12-18 11:32:54
matrix:
0.674764 0.732560 -0.089725 2.858533
-0.722424 0.680464 0.122769 0.936183
0.150990 -0.018020 0.988371 -0.270490
0.000000 0.000000 0.000000 1.000000

Timestamp: 2024-12-18 11:32:55
matrix:
0.674838 0.732528 -0.089422 2.858295
-0.722433 0.680496 0.122539 0.936287
0.150615 -0.018093 0.988427 -0.269697
0.000000 0.000000 0.000000 1.000000

Timestamp: 2024-12-18 11:32:56
matrix:
0.674886 0.732454 -0.089663 2.858231
-0.722347 0.680579 0.122584 0.936045
0.150810 -0.017963 0.988400 -0.270174
0.000000 0.000000 0.000000 1.000000

Timestamp: 2024-12-18 11:32:57
matrix:
0.674755 0.732611 -0.089363 2.858543
-0.722487 0.680402 0.122744 0.936354
0.150727 -0.018258 0.988407 -0.270082
0.000000 0.000000 0.000000 1.000000

Timestamp: 2024-12-18 11:32:58
matrix:
0.674830 0.732569 -0.089145 2.858466
-0.722397 0.680437 0.123075 0.935896
0.150819 -0.018656 0.988385 -0.270505
0.000000 0.000000 0.000000 1.000000

Timestamp: 2024-12-18 11:32:59
matrix:
0.674811 0.732481 -0.090009 2.858360
-0.722316 0.680551 0.122923 0.935978
0.151294 -0.017935 0.988326 -0.271029
0.000000 0.000000 0.000000 1.000000

Timestamp: 2024-12-18 11:33:00
matrix:
0.674956 0.732441 -0.089246 2.858067
-0.722325 0.680583 0.122692 0.936091
0.150604 -0.018347 0.988424 -0.269799
0.000000 0.000000 0.000000 1.000000

Timestamp: 2024-12-18 11:33:01
matrix:
0.674813 0.732507 -0.089782 2.858367
-0.722359 0.680521 0.122839 0.936118
0.151079 -0.018038 0.988357 -0.270714
0.000000 0.000000 0.000000 1.000000

Timestamp: 2024-12-18 11:33:02
matrix:
0.674708 0.732655 -0.089358 2.858623
-0.722501 0.680351 0.122938 0.936324
0.150866 -0.018386 0.988383 -0.270404
0.000000 0.000000 0.000000 1.000000

Timestamp: 2024-12-18 11:33:03
matrix:
0.674857 0.732494 -0.089556 2.858308
-0.722332 0.680528 0.122955 0.936014
0.151009 -0.018288 0.988363 -0.270707
0.000000 0.000000 0.000000 1.000000

Timestamp: 2024-12-18 11:33:04
matrix:
0.674954 0.732411 -0.089504 2.858034
-0.722283 0.680619 0.122737 0.936061
0.150812 -0.018195 0.988395 -0.270304
0.000000 0.000000 0.000000 1.000000

Timestamp: 2024-12-18 11:33:05
matrix:
0.674728 0.732597 -0.089689 2.858559
-0.722491 0.680427 0.122578 0.936370
0.150827 -0.017908 0.988398 -0.270090
0.000000 0.000000 0.000000 1.000000

Timestamp: 2024-12-18 11:33:06
matrix:
0.675034 0.732373 -0.089214 2.857869
-0.722208 0.680649 0.123015 0.935773
0.150816 -0.018608 0.988387 -0.270462
0.000000 0.000000 0.000000 1.000000

Timestamp: 2024-12-18 11:33:07
matrix:
0.675033 0.732413 -0.088891 2.857881
-0.722263 0.680601 0.122957 0.935809
0.150555 -0.018797 0.988423 -0.270045
0.000000 0.000000 0.000000 1.000000

Timestamp: 2024-12-18 11:33:08
matrix:
0.674886 0.732455 -0.089661 2.858180
-0.722321 0.680575 0.122756 0.935836
0.150934 -0.018083 0.988378 -0.270600
0.000000 0.000000 0.000000 1.000000

Timestamp: 2024-12-18 11:33:09
matrix:
0.674996 0.732381 -0.089430 2.857935
-0.722285 0.680654 0.122533 0.935951
0.150612 -0.018115 0.988427 -0.269828
0.000000 0.000000 0.000000 1.000000

Timestamp: 2024-12-18 11:33:10
matrix:
0.674899 0.732421 -0.089835 2.858122
-0.722247 0.680611 0.122998 0.935913
0.151229 -0.018128 0.988333 -0.271016
0.000000 0.000000 0.000000 1.000000

Timestamp: 2024-12-18 11:33:11
matrix:
0.674883 0.732434 -0.089856 2.858172
-0.722296 0.680602 0.122760 0.935930
0.151070 -0.017946 0.988360 -0.270694
0.000000 0.000000 0.000000 1.000000

Timestamp: 2024-12-18 11:33:12
matrix:
0.674801 0.732524 -0.089737 2.858426
-0.722388 0.680503 0.122769 0.936012
0.150997 -0.018019 0.988370 -0.270543
0.000000 0.000000 0.000000 1.000000

Timestamp: 2024-12-18 11:33:13
matrix:
0.674940 0.732465 -0.089163 2.857962
-0.722304 0.680550 0.122999 0.935919
0.150772 -0.018614 0.988393 -0.270409
0.000000 0.000000 0.000000 1.000000

Timestamp: 2024-12-18 11:33:14
matrix:
0.675133 0.732276 -0.089256 2.857546
-0.722128 0.680756 0.122892 0.935661
0.150752 -0.018514 0.988398 -0.270278
0.000000 0.000000 0.000000 1.000000

Timestamp: 2024-12-18 11:33:15
matrix:
0.674926 0.732451 -0.089391 2.858074
-0.722291 0.680571 0.122957 0.935832
0.150897 -0.018420 0.988378 -0.270638
0.000000 0.000000 0.000000 1.000000

Timestamp: 2024-12-18 11:33:16
matrix:
0.674872 0.732428 -0.089987 2.858230
-0.722271 0.680609 0.122869 0.935911
0.151238 -0.017926 0.988335 -0.270965
0.000000 0.000000 0.000000 1.000000

Timestamp: 2024-12-18 11:33:17
matrix:
0.674942 0.732454 -0.089243 2.858020
-0.722293 0.680564 0.122987 0.935905
0.150818 -0.018549 0.988388 -0.270408
0.000000 0.000000 0.000000 1.000000

Timestamp: 2024-12-18 11:33:18
matrix:
0.674879 0.732476 -0.089543 2.858128
-0.722296 0.680545 0.123072 0.935868
0.151085 -0.018382 0.988350 -0.270888
0.000000 0.000000 0.000000 1.000000

Timestamp: 2024-12-18 11:33:19
matrix:
0.674939 0.732375 -0.089912 2.857888
-0.722200 0.680662 0.122989 0.935792
0.151274 -0.018076 0.988327 -0.271065
0.000000 0.000000 0.000000 1.000000

Timestamp: 2024-12-18 11:33:20
matrix:
0.674924 0.732423 -0.089633 2.857981
-0.722258 0.680605 0.122966 0.935833
0.151068 -0.018255 0.988355 -0.270884
0.000000 0.000000 0.000000 1.000000

Timestamp: 2024-12-18 11:33:21
matrix:
0.674977 0.732363 -0.089719 2.857782
-0.722218 0.680673 0.122824 0.935765
0.151021 -0.018107 0.988365 -0.270671
0.000000 0.000000 0.000000 1.000000

Timestamp: 2024-12-18 11:33:22
matrix:
0.674774 0.732555 -0.089684 2.858399
-0.722381 0.680463 0.123025 0.935715
0.151149 -0.018228 0.988343 -0.271181
0.000000 0.000000 0.000000 1.000000

Timestamp: 2024-12-18 11:33:23
matrix:
0.674853 0.732466 -0.089813 2.858155
-0.722291 0.680561 0.123009 0.935842
0.151223 -0.018142 0.988333 -0.271096
0.000000 0.000000 0.000000 1.000000

Timestamp: 2024-12-18 11:33:24
matrix:
0.675063 0.732343 -0.089244 2.857658
-0.722206 0.680686 0.122819 0.935788
0.150693 -0.018458 0.988408 -0.270189
0.000000 0.000000 0.000000 1.000000

Timestamp: 2024-12-18 11:33:25
matrix:
0.674864 0.732474 -0.089669 2.858119
-0.722322 0.680553 0.122879 0.935906
0.151030 -0.018157 0.988362 -0.270725
0.000000 0.000000 0.000000 1.000000

Timestamp: 2024-12-18 11:33:26
matrix:
0.674920 0.732426 -0.089641 2.857999
-0.722270 0.680603 0.122906 0.935798
0.151029 -0.018207 0.988362 -0.270758
0.000000 0.000000 0.000000 1.000000

Timestamp: 2024-12-18 11:33:27
matrix:
0.675113 0.732318 -0.089072 2.857495
-0.722123 0.680702 0.123222 0.935618
0.150869 -0.018868 0.988374 -0.270703
0.000000 0.000000 0.000000 1.000000

Timestamp: 2024-12-18 11:33:28
matrix:
0.674971 0.732387 -0.089573 2.857807
-0.722191 0.680638 0.123177 0.935648
0.151180 -0.018452 0.988334 -0.271197
0.000000 0.000000 0.000000 1.000000

Timestamp: 2024-12-18 11:33:29
matrix:
0.674955 0.732404 -0.089563 2.857847
-0.722251 0.680626 0.122889 0.935783
0.150963 -0.018258 0.988371 -0.270663
0.000000 0.000000 0.000000 1.000000

Timestamp: 2024-12-18 11:33:30
matrix:
0.675175 0.732242 -0.089219 2.857269
-0.722128 0.680796 0.122670 0.935700
0.150564 -0.018396 0.988429 -0.269856
0.000000 0.000000 0.000000 1.000000

Timestamp: 2024-12-18 11:33:31
matrix:
0.675308 0.732086 -0.089491 2.856994
-0.721964 0.680968 0.122683 0.935328
0.150755 -0.018240 0.988403 -0.270257
0.000000 0.000000 0.000000 1.000000

Timestamp: 2024-12-18 11:33:32
matrix:
0.675051 0.732316 -0.089553 2.857568
-0.722141 0.680717 0.123030 0.935664
0.151057 -0.018382 0.988354 -0.270892
0.000000 0.000000 0.000000 1.000000

Timestamp: 2024-12-18 11:33:33
matrix:
0.675050 0.732306 -0.089637 2.857564
-0.722147 0.680731 0.122918 0.935556
0.151032 -0.018244 0.988360 -0.270773
0.000000 0.000000 0.000000 1.000000

Timestamp: 2024-12-18 11:33:34
matrix:
0.674999 0.732340 -0.089750 2.857711
-0.722160 0.680695 0.123039 0.935641
0.151198 -0.018237 0.988335 -0.271107
0.000000 0.000000 0.000000 1.000000

Timestamp: 2024-12-18 11:33:35
matrix:
0.674950 0.732392 -0.089686 2.857798
-0.722207 0.680637 0.123084 0.935697
0.151190 -0.018304 0.988335 -0.271172
0.000000 0.000000 0.000000 1.000000

Timestamp: 2024-12-18 11:33:36
matrix:
0.675217 0.732154 -0.089626 2.857230
-0.722019 0.680897 0.122754 0.935481
0.150901 -0.018174 0.988382 -0.270564
0.000000 0.000000 0.000000 1.000000

Timestamp: 2024-12-18 11:33:37
matrix:
0.674750 0.732547 -0.089924 2.858213
-0.722425 0.680483 0.122658 0.936093
0.151045 -0.017800 0.988367 -0.270591
0.000000 0.000000 0.000000 1.000000

Timestamp: 2024-12-18 11:33:38
matrix:
0.674894 0.732460 -0.089551 2.858003
-0.722335 0.680568 0.122716 0.935883
0.150830 -0.018134 0.988393 -0.270490
0.000000 0.000000 0.000000 1.000000

Timestamp: 2024-12-18 11:33:39
matrix:
0.675103 0.732257 -0.089646 2.857494
-0.722081 0.680782 0.123023 0.935395
0.151114 -0.018322 0.988347 -0.271039
0.000000 0.000000 0.000000 1.000000

Timestamp: 2024-12-18 11:33:40
matrix:
0.674972 0.732347 -0.089892 2.857737
-0.722176 0.680691 0.122969 0.935758
0.151244 -0.018083 0.988331 -0.271071
0.000000 0.000000 0.000000 1.000000

Timestamp: 2024-12-18 11:33:41
matrix:
0.675005 0.732269 -0.090277 2.857775
-0.722138 0.680788 0.122654 0.935483
0.151275 -0.017599 0.988335 -0.271031
0.000000 0.000000 0.000000 1.000000

Timestamp: 2024-12-18 11:33:42
matrix:
0.675181 0.732194 -0.089571 2.857255
-0.722053 0.680852 0.122798 0.935526
0.150897 -0.018236 0.988381 -0.270454
0.000000 0.000000 0.000000 1.000000

Timestamp: 2024-12-18 11:33:43
matrix:
0.674990 0.732313 -0.090031 2.857724
-0.722179 0.680735 0.122707 0.935709
0.151148 -0.017808 0.988351 -0.270816
0.000000 0.000000 0.000000 1.000000

Timestamp: 2024-12-18 11:33:44
matrix:
0.674912 0.732454 -0.089468 2.857896
-0.722256 0.680564 0.123204 0.935736
0.151130 -0.018533 0.988340 -0.271030
0.000000 0.000000 0.000000 1.000000

Timestamp: 2024-12-18 11:33:45
matrix:
0.675056 0.732278 -0.089824 2.857576
-0.722137 0.680768 0.122773 0.935659
0.151053 -0.018013 0.988362 -0.270692
0.000000 0.000000 0.000000 1.000000

Timestamp: 2024-12-18 11:33:46
matrix:
0.674976 0.732377 -0.089623 2.857732
-0.722196 0.680653 0.123062 0.935664
0.151129 -0.018338 0.988344 -0.271000
0.000000 0.000000 0.000000 1.000000

Timestamp: 2024-12-18 11:33:47
matrix:
0.674941 0.732415 -0.089576 2.857820
-0.722273 0.680616 0.122814 0.935729
0.150918 -0.018194 0.988379 -0.270647
0.000000 0.000000 0.000000 1.000000

Timestamp: 2024-12-18 11:33:48
matrix:
0.675026 0.732374 -0.089263 2.857679
-0.722128 0.680639 0.123536 0.935608
0.151230 -0.018931 0.988317 -0.271392
0.000000 0.000000 0.000000 1.000000

Timestamp: 2024-12-18 11:33:49
matrix:
0.674905 0.732490 -0.089229 2.857888
-0.722303 0.680522 0.123160 0.935826
0.150936 -0.018671 0.988367 -0.270820
0.000000 0.000000 0.000000 1.000000

Timestamp: 2024-12-18 11:33:50
matrix:
0.675202 0.732210 -0.089280 2.857124
-0.722038 0.680824 0.123039 0.935350
0.150875 -0.018613 0.988378 -0.270728
0.000000 0.000000 0.000000 1.000000

Timestamp: 2024-12-18 11:33:51
matrix:
0.675039 0.732353 -0.089335 2.857559
-0.722186 0.680673 0.123007 0.935645
0.150892 -0.018518 0.988377 -0.270670
0.000000 0.000000 0.000000 1.000000

Timestamp: 2024-12-18 11:33:52
matrix:
0.674912 0.732480 -0.089261 2.857916
-0.722320 0.680537 0.122980 0.935872
0.150825 -0.018526 0.988387 -0.270502
0.000000 0.000000 0.000000 1.000000

Timestamp: 2024-12-18 11:33:53
matrix:
0.675035 0.732358 -0.089327 2.857518
-0.722181 0.680667 0.123077 0.935584
0.150939 -0.018571 0.988369 -0.270703
0.000000 0.000000 0.000000 1.000000

Timestamp: 2024-12-18 11:33:54
matrix:
0.675130 0.732274 -0.089300 2.857353
-0.722122 0.680759 0.122911 0.935376
0.150797 -0.018495 0.988392 -0.270562
0.000000 0.000000 0.000000 1.000000

Timestamp: 2024-12-18 11:33:55
matrix:
0.674970 0.732396 -0.089505 2.857682
-0.722201 0.680627 0.123177 0.935618
0.151134 -0.018501 0.988340 -0.271131
0.000000 0.000000 0.000000 1.000000

Timestamp: 2024-12-18 11:33:56
matrix:
0.675039 0.732361 -0.089275 2.857530
-0.722170 0.680661 0.123170 0.935633
0.150971 -0.018673 0.988362 -0.270809
0.000000 0.000000 0.000000 1.000000

Timestamp: 2024-12-18 11:33:57
matrix:
0.675042 0.732364 -0.089225 2.857487
-0.722178 0.680657 0.123148 0.935518
0.150921 -0.018694 0.988369 -0.270850
0.000000 0.000000 0.000000 1.000000

Timestamp: 2024-12-18 11:33:58
matrix:
0.675018 0.732383 -0.089249 2.857620
-0.722264 0.680645 0.122709 0.935724
0.150617 -0.018370 0.988421 -0.270064
0.000000 0.000000 0.000000 1.000000

Timestamp: 2024-12-18 11:33:59
matrix:
0.674949 0.732439 -0.089318 2.857654
-0.722283 0.680583 0.122943 0.935721
0.150836 -0.018467 0.988386 -0.270451
0.000000 0.000000 0.000000 1.000000

Timestamp: 2024-12-18 11:34:00
matrix:
0.675159 0.732288 -0.088959 2.857279
-0.722084 0.680729 0.123300 0.935493
0.150848 -0.019011 0.988374 -0.270789
0.000000 0.000000 0.000000 1.000000

Timestamp: 2024-12-18 11:34:01
matrix:
0.675137 0.732236 -0.089553 2.857392
-0.722082 0.680805 0.122889 0.935497
0.150952 -0.018302 0.988372 -0.270645
0.000000 0.000000 0.000000 1.000000

Timestamp: 2024-12-18 11:34:02
matrix:
0.674955 0.732417 -0.089451 2.857697
-0.722207 0.680602 0.123278 0.935819
0.151172 -0.018605 0.988332 -0.271181
0.000000 0.000000 0.000000 1.000000

Timestamp: 2024-12-18 11:34:03
matrix:
0.675012 0.732344 -0.089616 2.857606
-0.722174 0.680689 0.122991 0.935612
